0
0
0
0
0
0
5
0
0
0
0
0
0
0
0
0
0
0
0
0
0
0
0
0
0
0
0
0
0
0
0
0
0
0
0
0
0
0
0
1
1
1
1
1
1
1
15
1
1
1
1
1
1
1
5
1
1
1
1
2
2
2
2
2
2
2
2
2
2
5
12
4
3
11
3
5
3
13
5
3
6
6
4
9
10
4
4
3
3
3
6
3
9
12
19
4
8
5
4
9
6
4
9
3
4
4
9
11
4
4
9
3
6
4
6
4
4
6
1
7
0
11
4
5
5
5
5
6
9
5
9
5
6
5
10
3
12
8
7
5
8
5
5
7
5
12
5
5
5
7
6
5
5
7
5
5
11
12
6
5
5
12
8
9
7
5
6
9
4
6
6
9
6
6
6
11
6
6
6
7
9
6
6
6
6
6
6
7
6
6
8
10
9
12
12
9
10
5
7
3
12
12
10
1
7
9
3
12
6
8
6
8
7
11
9
7
11
11
7
9
10
13
8
8
12
9
5
13
10
8
8
10
9
8
8
8
8
8
7
10
5
8
6
8
9
8
8
10
9
9
8
8
12
8
8
9
11
8
6
8
6
8
9
9
12
9
9
9
5
4
9
16
7
12
9
10
7
9
11
12
7
9
5
12
9
9
9
4
9
9
5
1
5
9
8
5
7
9
8
12
9
9
9
5
12
9
9
6
5
10
5
10
10
10
6
12
11
10
11
8
10
7
10
10
11
9
12
12
4
10
11
10
6
10
9
10
10
6
5
5
11
6
9
9
12
4
11
11
11
6
11
3
5
12
10
11
11
9
11
9
11
11
11
11
11
12
7
13
12
12
12
12
10
5
12
12
12
7
9
10
6
11
12
4
12
4
4
6
5
11
12
12
12
6
12
12
12
7
13
13
13
12
12
12
13
13
13
13
13
13
12
13
13
13
13
13
13
13
13
13
13
13
13
13
13
13
13
13
13
14
14
14
14
14
14
14
14
14
14
14
14
14
14
1
14
14
14
14
14
15
15
15
15
15
9
5
15
15
15
15
15
15
15
15
15
15
15
15
15
15
15
15
15
15
15
15
15
9
15
15
15
15
15
15
15
18
16
16
16
8
16
16
16
16
16
16
17
17
17
17
3
17
17
17
17
17
17
17
17
17
17
17
17
12
1
17
17
17
17
1
17
17
17
16
18
18
18
18
18
18
1
18
18
18
18
19
19
19
19
19
19
19
19
15
19
19
3
19
19
19
19
19
19
19
19
19
19
19
19
0
19
0
19
19
19
19
19
19
19
