0
0
0
0
0
0
0
0
0
0
0
0
0
0
0
0
0
0
0
0
0
0
0
0
0
0
6
0
0
0
0
0
0
0
0
0
0
0
0
1
1
1
1
1
1
1
15
1
1
1
1
1
1
18
11
10
1
1
1
17
13
2
2
2
2
2
2
2
2
5
11
8
3
11
3
10
4
13
5
3
9
4
4
3
4
10
4
3
9
9
7
3
9
6
5
4
4
10
4
0
3
4
8
6
4
4
6
11
4
4
10
5
6
4
10
4
4
4
4
7
0
4
4
4
11
5
7
6
5
9
9
9
6
5
11
7
12
13
10
5
8
7
5
19
5
4
6
4
8
4
6
12
5
6
9
5
11
8
6
5
5
11
16
9
5
5
6
4
5
6
6
12
6
6
12
6
6
6
6
7
11
6
6
6
6
6
6
10
2
6
8
10
9
12
12
6
4
10
7
6
3
10
11
12
7
4
12
6
9
6
6
10
7
5
12
7
3
11
8
7
7
6
8
4
6
9
6
11
6
8
8
10
9
4
8
9
9
8
10
10
5
8
8
8
6
8
8
7
9
6
8
11
12
8
8
9
6
8
4
8
11
9
9
6
6
12
9
9
9
9
9
5
7
12
7
13
9
9
4
12
5
9
5
8
9
9
9
13
9
9
4
6
7
9
6
8
7
9
6
9
7
12
9
4
11
9
9
10
5
10
5
10
10
10
10
13
9
10
10
7
7
5
5
10
6
9
10
4
12
10
3
10
5
10
4
10
10
7
9
10
12
8
11
9
7
11
4
11
3
7
11
12
16
6
8
5
11
5
11
6
11
11
10
11
4
5
10
13
12
12
3
9
13
12
12
12
11
6
6
10
9
12
12
5
12
4
12
10
17
12
12
4
10
6
12
5
5
7
0
16
13
7
13
8
12
13
13
13
13
13
17
13
13
0
13
13
13
13
13
13
13
13
13
13
13
13
12
6
13
14
14
14
14
14
14
14
14
14
14
14
14
14
14
14
14
14
14
14
14
15
15
15
15
15
0
11
0
4
15
15
15
15
15
15
15
15
15
15
15
4
15
15
0
15
15
4
15
6
15
15
15
15
15
15
15
16
16
16
16
4
16
16
16
17
16
16
17
17
17
17
17
17
17
17
17
17
17
17
17
18
17
17
17
17
17
17
17
17
17
1
17
17
17
16
18
18
18
18
18
18
2
18
18
18
18
19
19
19
19
19
19
19
19
15
18
19
17
19
19
19
19
19
19
19
19
19
19
19
19
19
19
9
19
19
19
19
19
19
19
