0
0
0
0
0
0
0
0
0
12
0
0
0
0
0
0
0
0
0
0
0
0
0
0
0
0
0
0
0
0
0
0
0
0
0
0
0
15
0
1
1
15
1
1
1
1
8
1
1
1
1
1
1
1
16
19
1
1
1
2
13
2
2
2
2
2
2
2
2
16
12
13
3
11
3
12
4
9
10
3
8
11
4
7
4
11
4
3
3
9
4
8
13
4
4
4
4
5
4
4
6
4
8
4
4
4
6
3
4
4
11
12
8
4
6
4
4
9
11
5
5
4
4
9
5
5
10
5
4
6
10
5
7
5
19
7
10
15
9
5
12
5
9
14
5
4
12
5
12
12
6
9
5
6
5
7
11
8
8
5
5
12
8
6
7
7
6
6
5
6
6
12
6
6
12
15
6
6
6
6
5
6
6
6
6
12
6
10
6
6
8
13
6
6
12
9
4
6
5
6
5
10
4
9
7
11
10
12
11
8
7
10
4
7
7
10
11
8
7
12
3
10
9
8
9
11
5
12
6
8
8
9
9
4
8
8
8
8
10
10
9
8
8
8
6
8
8
6
9
6
8
8
12
8
8
8
6
8
4
8
7
8
9
6
10
9
9
9
9
5
9
8
7
9
9
4
9
9
9
13
8
9
5
12
9
9
9
4
9
8
8
8
5
9
8
8
7
9
8
8
16
10
9
10
5
5
9
6
10
6
10
10
10
10
8
12
12
10
11
10
3
9
10
10
6
10
10
10
9
10
11
8
3
10
3
0
10
3
5
12
12
11
4
9
8
10
11
11
11
7
11
12
8
6
8
9
11
11
3
11
11
11
11
11
5
12
11
8
12
12
9
12
12
12
12
12
12
12
9
12
12
4
12
12
7
4
12
12
6
12
12
12
12
12
12
5
5
6
0
13
13
8
13
6
13
13
13
13
13
13
11
13
13
10
13
13
13
13
13
13
13
13
13
13
13
13
12
11
13
14
14
14
14
14
14
14
14
14
14
14
14
14
14
14
14
14
14
14
14
15
15
15
15
15
9
8
15
1
15
15
15
15
15
15
15
15
15
15
15
15
15
15
12
15
15
15
15
10
15
5
15
15
15
15
15
16
16
16
16
4
16
16
16
16
16
16
17
17
17
17
12
17
17
17
17
17
17
17
17
17
17
17
17
17
4
17
17
17
17
1
17
17
17
16
18
18
18
18
18
18
18
18
18
18
18
19
19
19
19
19
19
19
19
15
19
19
19
19
19
19
19
19
19
19
19
19
19
19
19
19
19
17
19
19
19
19
19
19
19
