0
0
0
0
0
0
0
0
0
19
0
0
0
0
0
0
0
0
0
0
0
0
0
0
0
0
10
0
0
0
0
0
0
0
0
0
0
0
0
1
1
10
1
1
1
1
11
1
1
1
1
1
1
1
1
3
1
1
1
17
2
2
2
1
2
2
2
2
2
7
12
9
3
4
3
9
4
10
4
3
9
6
4
3
9
1
9
3
3
3
6
10
9
4
12
4
4
10
4
4
10
4
12
11
15
4
6
4
4
4
4
10
6
4
4
4
4
4
4
7
0
4
4
8
9
5
5
6
9
9
8
9
7
5
11
7
12
5
10
5
7
7
9
15
5
3
6
5
8
9
8
10
5
7
5
7
9
5
10
5
5
3
3
8
8
11
6
7
13
6
6
12
6
6
7
4
6
6
6
9
3
6
6
6
6
11
6
10
9
6
8
3
6
9
12
9
10
4
5
6
6
11
12
8
7
9
12
3
6
6
9
10
5
6
8
12
11
5
6
7
10
7
9
8
11
13
10
4
6
8
8
9
10
10
8
8
12
8
7
6
9
8
11
8
6
8
9
6
9
6
8
8
6
8
8
9
6
8
4
8
7
9
10
6
10
6
9
6
9
4
9
8
7
7
7
10
6
9
11
10
7
9
5
11
9
9
9
12
8
8
19
8
5
9
6
4
3
9
6
9
6
7
9
9
6
10
9
10
7
5
6
10
10
6
10
13
8
6
9
5
7
12
10
10
6
12
10
3
9
10
11
8
9
10
4
3
3
9
5
10
11
12
6
9
6
4
7
11
11
6
10
8
9
6
10
5
4
8
3
8
11
11
12
11
4
10
7
13
6
12
3
12
1
9
11
12
11
12
10
10
12
9
12
10
12
4
12
5
5
3
12
12
8
6
12
16
5
7
11
13
13
5
13
12
13
13
13
13
13
13
6
13
13
0
3
13
13
18
13
4
13
13
13
13
13
13
0
4
1
14
14
14
14
14
14
14
14
14
14
14
14
14
14
14
14
14
14
14
14
15
15
15
15
15
4
5
4
4
15
15
15
15
15
15
15
15
15
15
15
10
15
15
15
15
15
4
14
8
15
15
1
15
15
15
15
2
16
16
16
12
16
16
16
17
16
16
12
17
17
17
17
17
17
6
17
17
17
17
17
17
17
17
17
4
9
17
17
17
17
1
17
17
17
16
18
18
18
18
10
18
0
18
18
18
18
19
19
19
19
19
19
19
8
15
9
19
8
19
19
19
19
19
14
19
19
19
19
19
19
19
19
11
19
19
1
19
19
19
19
