0
0
0
0
0
0
0
0
0
12
0
0
0
0
0
0
15
0
0
0
0
0
0
0
0
0
11
0
0
0
0
0
0
0
0
0
0
0
0
1
1
15
1
1
1
1
10
1
1
1
1
1
1
7
7
13
1
1
1
12
18
1
2
1
2
1
19
2
12
10
11
13
3
4
3
5
5
9
10
3
9
6
4
11
11
5
5
11
5
11
4
10
5
4
12
4
1
3
4
4
13
4
8
6
6
4
4
11
4
10
6
7
6
4
11
4
4
4
6
3
11
4
4
9
9
5
5
4
9
6
9
5
6
5
6
3
11
10
9
5
7
9
5
9
5
3
8
5
6
0
9
10
5
6
9
3
8
12
6
5
5
5
3
12
8
9
6
9
5
6
6
4
3
6
12
12
6
6
6
7
3
6
6
6
6
6
6
3
6
6
11
4
7
10
12
8
10
6
7
6
9
10
7
11
7
3
12
12
11
4
6
10
8
11
7
10
3
5
7
7
10
7
13
8
9
13
5
8
6
8
8
10
11
4
8
12
13
8
4
6
9
8
11
8
13
8
10
12
11
8
8
8
9
8
8
7
11
13
10
8
10
12
9
9
8
9
9
6
9
9
9
14
7
19
6
10
6
9
12
9
8
9
10
10
9
9
9
9
9
4
10
11
3
9
6
12
11
9
6
9
9
19
9
6
11
6
9
11
5
4
10
10
10
19
10
19
11
10
4
1
7
9
6
10
6
8
12
12
9
10
11
7
6
10
3
6
10
10
8
12
11
7
6
10
8
13
3
11
11
11
9
12
11
12
3
9
10
5
11
5
3
3
6
11
3
12
7
4
11
12
3
3
12
5
12
12
8
8
5
10
11
4
11
13
7
4
12
11
5
11
12
10
8
11
12
10
12
6
7
13
13
13
4
9
3
13
13
13
13
13
11
13
8
6
13
13
13
13
13
13
13
13
13
8
13
13
13
12
5
14
14
14
14
14
14
14
14
0
14
14
14
14
14
14
14
14
14
14
14
15
15
15
15
15
8
19
6
15
15
15
14
15
15
15
15
15
15
15
15
4
15
15
15
15
15
6
3
8
15
15
15
15
15
15
15
16
16
16
19
4
16
16
16
17
12
16
12
17
17
17
17
17
17
0
17
17
17
17
17
6
17
17
17
16
9
17
11
17
17
1
17
17
8
16
18
0
18
18
19
18
13
11
18
18
15
19
19
19
19
19
19
19
19
15
19
19
8
19
19
19
19
19
19
19
19
19
19
19
1
19
19
9
19
19
19
19
19
19
19
