0
0
0
0
0
0
19
0
0
0
0
0
0
0
0
0
0
0
0
0
0
0
0
0
0
0
6
0
0
0
0
0
0
0
0
0
0
0
0
1
1
7
1
1
1
1
8
1
1
1
1
1
1
1
5
1
13
1
1
2
2
2
2
11
2
2
2
2
19
3
4
3
3
8
3
9
4
9
5
3
5
10
4
6
10
1
4
11
3
11
4
4
10
4
5
3
8
5
4
9
4
4
15
6
6
4
3
8
4
4
6
7
12
4
6
4
4
5
6
9
9
4
4
9
5
5
8
6
9
5
9
5
10
5
12
7
5
16
6
5
12
9
5
0
5
12
5
16
12
12
6
12
5
6
5
5
6
12
6
5
5
12
8
12
5
5
6
9
12
6
6
4
6
6
12
12
6
6
6
12
3
6
6
6
6
3
6
6
6
6
4
13
12
4
12
8
10
7
14
10
8
11
11
8
7
9
12
11
9
4
6
10
7
10
9
5
6
13
6
12
7
3
13
8
5
11
5
7
10
8
8
10
4
8
9
9
8
8
6
5
7
8
11
8
11
8
8
7
4
8
8
11
12
8
8
9
6
8
3
8
12
9
10
6
6
12
9
6
12
9
9
5
11
9
7
6
7
9
9
10
8
9
5
11
9
9
9
9
9
9
9
5
9
9
6
12
11
9
6
12
11
8
9
12
11
9
9
9
4
9
12
10
10
5
10
10
9
10
4
0
12
5
10
10
7
12
12
3
4
10
11
10
6
10
8
8
12
6
11
12
11
6
6
6
7
6
3
11
11
11
11
13
11
6
10
9
11
5
6
9
11
3
11
11
3
5
4
6
12
12
3
12
11
11
12
12
12
12
9
10
12
7
12
3
7
4
12
12
11
6
12
12
12
5
12
11
6
10
17
13
13
9
9
12
13
13
13
12
13
13
8
13
13
8
13
17
13
13
13
13
13
13
13
13
13
13
13
13
5
14
14
14
14
14
14
14
14
14
14
14
14
14
14
15
14
14
14
14
14
15
15
15
15
15
0
15
15
15
15
15
15
15
15
15
15
15
15
15
15
15
15
15
15
15
15
15
15
8
15
15
14
15
15
15
15
16
16
16
16
19
16
16
16
16
16
16
16
17
17
17
12
17
17
17
17
17
17
17
17
18
17
17
17
17
19
15
12
17
17
1
17
17
17
16
18
18
18
18
2
18
5
18
18
18
18
19
19
19
19
19
19
19
19
15
19
19
17
19
19
19
19
19
19
19
19
19
19
19
19
19
19
0
19
19
19
19
19
19
19
